image_id,label,c0,c1,c2,c3,c4
1000015157.jpg,0,0.12781472312609607,0.42887490759752517,0.11854939997820615,0.18057020271583357,0.1441907665823389
1000812911.jpg,3,0.008327573747597196,0.015855998348986267,0.021829847507694355,0.9321069510120359,0.02187962938368626
1003888281.jpg,0,0.10610001187754606,0.0764442041640849,0.048460338368885775,0.12293993133425697,0.6460555142552262
1004163647.jpg,3,0.010454997590010477,0.020334855172030594,0.026170555858918986,0.9161011601733631,0.026938431205676808
100472565.jpg,2,0.014266433287230049,0.02835951112596911,0.8128696043874273,0.1049559641165953,0.03954848708277825
1009361983.jpg,3,0.01024204097502268,0.019501212443428298,0.02743493770093727,0.9159121629911732,0.026909645889438498
1009489704.jpg,3,0.004276155961648521,0.008516175031565872,0.015377480312475577,0.9577582515082192,0.014071937186090774
1010806468.jpg,4,0.022018750996943223,0.03900935337577199,0.04568202373187629,0.6876440491805913,0.2056458227148172
1010855776.jpg,3,0.0066384790751193076,0.012425071895430396,0.01856777792774925,0.9447196992578483,0.017648971843852796
1011139244.jpg,3,0.008605145004773983,0.017105726469271384,0.022472697209373442,0.9291787473294081,0.022637683987173005
1011571614.jpg,4,0.04587313368448029,0.17285673925387043,0.06226437006764235,0.172023939214616,0.5469818177793909
1012426959.jpg,0,0.6093501302982527,0.08253551281745865,0.048024237427250274,0.1441823619696016,0.1159077574874367
1016027375.jpg,1,0.040271793225647966,0.18354024105085862,0.07074867543479038,0.16582397378787855,0.5396153165008246
1016415263.jpg,1,0.01706463938778737,0.8554668246228773,0.02681818678135497,0.06667064865051184,0.03397970055746871
1017667711.jpg,2,0.007261492678365877,0.016447568385776642,0.890101154235171,0.0584713407658461,0.027718443934840416
1017670009.jpg,2,0.017062549621813587,0.03318647110513748,0.7798800596148802,0.12533338266959682,0.04453753698857194
1017890227.jpg,3,0.004276155961648521,0.008516175031565872,0.015377480312475577,0.9577582515082192,0.014071937186090774
101960837.jpg,3,0.008605145004773983,0.017105726469271384,0.022472697209373442,0.9291787473294081,0.022637683987173005
1020196137.jpg,3,0.008605145004773983,0.017105726469271384,0.022472697209373442,0.9291787473294081,0.022637683987173005
1020387881.jpg,3,0.012866424880301456,0.024081759144812406,0.09471461390564322,0.8341306966522763,0.034206505416966536
1022008227.jpg,3,0.004276155961648521,0.008516175031565872,0.015377480312475577,0.9577582515082192,0.014071937186090774
1022850256.jpg,3,0.010454997590010477,0.020334855172030594,0.026170555858918986,0.9161011601733631,0.026938431205676808
1023937437.jpg,3,0.004276155961648521,0.008516175031565872,0.015377480312475577,0.9577582515082192,0.014071937186090774
1024089865.jpg,0,0.010454997590010477,0.020334855172030594,0.026170555858918986,0.9161011601733631,0.026938431205676808
1024191493.jpg,3,0.008605145004773983,0.017105726469271384,0.022472697209373442,0.9291787473294081,0.022637683987173005
102485576.jpg,0,0.008327573747597196,0.015855998348986267,0.021829847507694355,0.9321069510120359,0.02187962938368626
1025466430.jpg,2,0.014266433287230049,0.02835951112596911,0.8128696043874273,0.1049559641165953,0.03954848708277825
1025511060.jpg,2,0.014266433287230049,0.02835951112596911,0.8128696043874273,0.1049559641165953,0.03954848708277825
1026915452.jpg,1,0.017783381014494896,0.8886161706051262,0.02048119563511413,0.04325056268769099,0.029868690057573474
1027550629.jpg,3,0.0066384790751193076,0.012425071895430396,0.01856777792774925,0.9447196992578483,0.017648971843852796
1028041356.jpg,3,0.008605145004773983,0.017105726469271384,0.022472697209373442,0.9291787473294081,0.022637683987173005
1029560899.jpg,3,0.004276155961648521,0.008516175031565872,0.015377480312475577,0.9577582515082192,0.014071937186090774
1033787784.jpg,1,0.020042665586853345,0.8153863966097179,0.033606965018887165,0.09151147637533878,0.03945249640920274
1034219276.jpg,4,0.04658449682723355,0.0522565391383947,0.04745257566202993,0.13149864591649624,0.7222077424558456
1035350866.jpg,3,0.008605145004773983,0.017105726469271384,0.022472697209373442,0.9291787473294081,0.022637683987173005
103630546.jpg,3,0.008327573747597196,0.015855998348986267,0.021829847507694355,0.9321069510120359,0.02187962938368626
1037337861.jpg,3,0.0066384790751193076,0.012425071895430396,0.01856777792774925,0.9447196992578483,0.017648971843852796
1038166459.jpg,3,0.004276155961648521,0.008516175031565872,0.015377480312475577,0.9577582515082192,0.014071937186090774
1038176489.jpg,3,0.008605145004773983,0.017105726469271384,0.022472697209373442,0.9291787473294081,0.022637683987173005
1038640139.jpg,1,0.020189500856888806,0.7783714925443099,0.03953933826607416,0.11870829163198311,0.04319137670074403
1039292236.jpg,4,0.017117305159003674,0.02765043647339044,0.7230726923870274,0.1578327220484896,0.07432684393208883
1039658655.jpg,3,0.008327573747597196,0.015855998348986267,0.021829847507694355,0.9321069510120359,0.02187962938368626
1039676268.jpg,3,0.004276155961648521,0.008516175031565872,0.015377480312475577,0.9577582515082192,0.014071937186090774
1041022257.jpg,3,0.008605145004773983,0.017105726469271384,0.022472697209373442,0.9291787473294081,0.022637683987173005
1041651309.jpg,3,0.008605145004773983,0.017105726469271384,0.022472697209373442,0.9291787473294081,0.022637683987173005
1042223039.jpg,3,0.008327573747597196,0.015855998348986267,0.021829847507694355,0.9321069510120359,0.02187962938368626
1042550484.jpg,3,0.008605145004773983,0.017105726469271384,0.022472697209373442,0.9291787473294081,0.022637683987173005
1043083985.jpg,3,0.004276155961648521,0.008516175031565872,0.015377480312475577,0.9577582515082192,0.014071937186090774
1043752907.jpg,3,0.008327573747597196,0.015855998348986267,0.021829847507694355,0.9321069510120359,0.02187962938368626
1045208006.jpg,2,0.01724336976305368,0.03304949836257412,0.7722150359753372,0.12936625168340354,0.04812584421563149
1045545977.jpg,4,0.04655278237167134,0.0483758490070035,0.04115223897712926,0.10428742864661257,0.7596317009975833
1047154095.jpg,4,0.03300843834799465,0.3869436230551788,0.052766108002406394,0.13754996100951364,0.3897318695849065
1049791378.jpg,4,0.05049764680023952,0.053842960343143086,0.047708803686453576,0.13061206498942046,0.7173385241807434
1050292454.jpg,3,0.008327573747597196,0.015855998348986267,0.021829847507694355,0.9321069510120359,0.02187962938368626
105057263.jpg,1,0.02078750745085473,0.7967682336677756,0.036508283688653734,0.10154039482059762,0.0443955803721182
1051469374.jpg,3,0.010454997590010477,0.020334855172030594,0.026170555858918986,0.9161011601733631,0.026938431205676808
1052118637.jpg,3,0.004276155961648521,0.008516175031565872,0.015377480312475577,0.9577582515082192,0.014071937186090774
105315247.jpg,3,0.008327573747597196,0.015855998348986267,0.021829847507694355,0.9321069510120359,0.02187962938368626
1054232796.jpg,2,0.011065834646385357,0.020907193282800936,0.8591891987464539,0.07797008227412228,0.03086769105023747
1054468967.jpg,3,0.010454997590010477,0.020334855172030594,0.026170555858918986,0.9161011601733631,0.026938431205676808
1056943297.jpg,3,0.008605145004773983,0.017105726469271384,0.022472697209373442,0.9291787473294081,0.022637683987173005
1058438877.jpg,3,0.0066384790751193076,0.012425071895430396,0.01856777792774925,0.9447196992578483,0.017648971843852796
1060214168.jpg,0,0.20402532362196807,0.0662979954567788,0.05379951750921807,0.09399741274055914,0.5818797506714759
106169527.jpg,3,0.008327573747597196,0.015855998348986267,0.021829847507694355,0.9321069510120359,0.02187962938368626
1064567864.jpg,3,0.008605145004773983,0.017105726469271384,0.022472697209373442,0.9291787473294081,0.022637683987173005
1066701107.jpg,3,0.010454997590010477,0.020334855172030594,0.026170555858918986,0.9161011601733631,0.026938431205676808
1067081821.jpg,3,0.0066384790751193076,0.012425071895430396,0.01856777792774925,0.9447196992578483,0.017648971843852796
1067302519.jpg,4,0.24453456162639473,0.09362565330003936,0.05186028421822944,0.13718928287263743,0.4727902179826991
1070548894.jpg,3,0.010454997590010477,0.020334855172030594,0.026170555858918986,0.9161011601733631,0.026938431205676808
1071660717.jpg,3,0.0066384790751193076,0.012425071895430396,0.01856777792774925,0.9447196992578483,0.017648971843852796
1072326766.jpg,0,0.7010757174632982,0.07097811604014506,0.029715232438256294,0.06318197867577084,0.1350489553825295
1072588150.jpg,4,0.04655278237167134,0.0483758490070035,0.04115223897712926,0.10428742864661257,0.7596317009975833
107427326.jpg,4,0.04033886839300339,0.04760931255776678,0.036135253829059404,0.08054729334210589,0.7953692718780646
1074412436.jpg,3,0.008327573747597196,0.015855998348986267,0.021829847507694355,0.9321069510120359,0.02187962938368626
107458529.jpg,3,0.008605145004773983,0.017105726469271384,0.022472697209373442,0.9291787473294081,0.022637683987173005
1074822391.jpg,3,0.008605145004773983,0.017105726469271384,0.022472697209373442,0.9291787473294081,0.022637683987173005
1075841093.jpg,3,0.008327573747597196,0.015855998348986267,0.021829847507694355,0.9321069510120359,0.02187962938368626
1076906366.jpg,3,0.0066384790751193076,0.012425071895430396,0.01856777792774925,0.9447196992578483,0.017648971843852796
1076964019.jpg,1,0.11143640253176673,0.346177379562332,0.06570590482894004,0.15121886424354117,0.32546144883342004
1077091549.jpg,3,0.004276155961648521,0.008516175031565872,0.015377480312475577,0.9577582515082192,0.014071937186090774
1077728760.jpg,4,0.04658449682723355,0.0522565391383947,0.04745257566202993,0.13149864591649624,0.7222077424558456
1078497809.jpg,3,0.008605145004773983,0.017105726469271384,0.022472697209373442,0.9291787473294081,0.022637683987173005
1080179563.jpg,3,0.008327573747597196,0.015855998348986267,0.021829847507694355,0.9321069510120359,0.02187962938368626
1080265497.jpg,3,0.008327573747597196,0.015855998348986267,0.021829847507694355,0.9321069510120359,0.02187962938368626
1082579432.jpg,3,0.008605145004773983,0.017105726469271384,0.022472697209373442,0.9291787473294081,0.022637683987173005
1083535091.jpg,4,0.04284169926023687,0.04248986187708232,0.03385449404837897,0.055158441825879985,0.8256555029884217
1083896176.jpg,2,0.42234040213892465,0.253435783251437,0.05856937255622457,0.15948389716194727,0.10617054489146646
1087450558.jpg,3,0.0066384790751193076,0.012425071895430396,0.01856777792774925,0.9447196992578483,0.017648971843852796
1089555688.jpg,3,0.008605145004773983,0.017105726469271384,0.022472697209373442,0.9291787473294081,0.022637683987173005
1092289858.jpg,2,0.014266433287230049,0.02835951112596911,0.8128696043874273,0.1049559641165953,0.03954848708277825
1092772509.jpg,3,0.008327573747597196,0.015855998348986267,0.021829847507694355,0.9321069510120359,0.02187962938368626
1092828758.jpg,4,0.04284169926023687,0.04248986187708232,0.03385449404837897,0.055158441825879985,0.8256555029884217
1094476490.jpg,3,0.024950944631979617,0.04750749124310881,0.563529335152125,0.29465905122931685,0.06935317774346969
1095008050.jpg,3,0.0066384790751193076,0.012425071895430396,0.01856777792774925,0.9447196992578483,0.017648971843852796
1095482483.jpg,3,0.010454997590010477,0.020334855172030594,0.026170555858918986,0.9161011601733631,0.026938431205676808
1095723751.jpg,3,0.008605145004773983,0.017105726469271384,0.022472697209373442,0.9291787473294081,0.022637683987173005
1095991625.jpg,3,0.0066384790751193076,0.012425071895430396,0.01856777792774925,0.9447196992578483,0.017648971843852796
1097213244.jpg,3,0.008605145004773983,0.017105726469271384,0.022472697209373442,0.9291787473294081,0.022637683987173005
1097323507.jpg,1,0.020042665586853345,0.8153863966097179,0.033606965018887165,0.09151147637533878,0.03945249640920274
1098348421.jpg,3,0.004276155961648521,0.008516175031565872,0.015377480312475577,0.9577582515082192,0.014071937186090774
1098392001.jpg,3,0.010454997590010477,0.020334855172030594,0.026170555858918986,0.9161011601733631,0.026938431205676808
1098441542.jpg,4,0.0066384790751193076,0.012425071895430396,0.01856777792774925,0.9447196992578483,0.017648971843852796
1098603613.jpg,3,0.010454997590010477,0.020334855172030594,0.026170555858918986,0.9161011601733631,0.026938431205676808
1100123652.jpg,3,0.008605145004773983,0.017105726469271384,0.022472697209373442,0.9291787473294081,0.022637683987173005
1100718808.jpg,3,0.010454997590010477,0.020334855172030594,0.026170555858918986,0.9161011601733631,0.026938431205676808
110316351.jpg,3,0.0066384790751193076,0.012425071895430396,0.01856777792774925,0.9447196992578483,0.017648971843852796
110359894.jpg,4,0.04658449682723355,0.0522565391383947,0.04745257566202993,0.13149864591649624,0.7222077424558456
1103742559.jpg,1,0.020189500856888806,0.7783714925443099,0.03953933826607416,0.11870829163198311,0.04319137670074403
1104322555.jpg,3,0.0066384790751193076,0.012425071895430396,0.01856777792774925,0.9447196992578483,0.017648971843852796
1104367012.jpg,3,0.010454997590010477,0.020334855172030594,0.026170555858918986,0.9161011601733631,0.026938431205676808
1105163779.jpg,3,0.008605145004773983,0.017105726469271384,0.022472697209373442,0.9291787473294081,0.022637683987173005
11054682.jpg,3,0.004276155961648521,0.008516175031565872,0.015377480312475577,0.9577582515082192,0.014071937186090774
1105907243.jpg,1,0.020189500856888806,0.7783714925443099,0.03953933826607416,0.11870829163198311,0.04319137670074403
1109216233.jpg,3,0.008327573747597196,0.015855998348986267,0.021829847507694355,0.9321069510120359,0.02187962938368626
1109418037.jpg,3,0.004276155961648521,0.008516175031565872,0.015377480312475577,0.9577582515082192,0.014071937186090774
1111352870.jpg,3,0.010454997590010477,0.020334855172030594,0.026170555858918986,0.9161011601733631,0.026938431205676808
1111719655.jpg,3,0.008605145004773983,0.017105726469271384,0.022472697209373442,0.9291787473294081,0.022637683987173005
1112896854.jpg,3,0.004276155961648521,0.008516175031565872,0.015377480312475577,0.9577582515082192,0.014071937186090774
1113197985.jpg,3,0.010454997590010477,0.020334855172030594,0.026170555858918986,0.9161011601733631,0.026938431205676808
1113813904.jpg,3,0.010454997590010477,0.020334855172030594,0.026170555858918986,0.9161011601733631,0.026938431205676808
1113946759.jpg,2,0.017062549621813587,0.03318647110513748,0.7798800596148802,0.12533338266959682,0.04453753698857194
1114918862.jpg,3,0.004276155961648521,0.008516175031565872,0.015377480312475577,0.9577582515082192,0.014071937186090774
1115451372.jpg,2,0.020964489854748213,0.04077570188625766,0.6912021012729334,0.19233512665382868,0.05472258033223206
1116781528.jpg,2,0.007261492678365877,0.016447568385776642,0.890101154235171,0.0584713407658461,0.027718443934840416
1119046243.jpg,3,0.0066384790751193076,0.012425071895430396,0.01856777792774925,0.9447196992578483,0.017648971843852796
1120557501.jpg,3,0.04033886839300339,0.04760931255776678,0.036135253829059404,0.08054729334210589,0.7953692718780646
1120933008.jpg,3,0.008605145004773983,0.017105726469271384,0.022472697209373442,0.9291787473294081,0.022637683987173005
1121048541.jpg,2,0.014266433287230049,0.02835951112596911,0.8128696043874273,0.1049559641165953,0.03954848708277825
1122080430.jpg,4,0.04501420399971324,0.0443693349424556,0.04141813370396752,0.11068272057909806,0.7585156067747656
1123269893.jpg,0,0.04658449682723355,0.0522565391383947,0.04745257566202993,0.13149864591649624,0.7222077424558456
1124166287.jpg,3,0.008605145004773983,0.017105726469271384,0.022472697209373442,0.9291787473294081,0.022637683987173005
112487271.jpg,3,0.008605145004773983,0.017105726469271384,0.022472697209373442,0.9291787473294081,0.022637683987173005
11252426.jpg,3,0.004276155961648521,0.008516175031565872,0.015377480312475577,0.9577582515082192,0.014071937186090774
112646666.jpg,3,0.0066384790751193076,0.012425071895430396,0.01856777792774925,0.9447196992578483,0.017648971843852796
112690000.jpg,2,0.04069315574926513,0.05245973017768327,0.04082446525755491,0.0833691457566074,0.7826535030588893
1127322697.jpg,3,0.008327573747597196,0.015855998348986267,0.021829847507694355,0.9321069510120359,0.02187962938368626
1127545108.jpg,3,0.008605145004773983,0.017105726469271384,0.022472697209373442,0.9291787473294081,0.022637683987173005
1128080664.jpg,1,0.017783381014494896,0.8886161706051262,0.02048119563511413,0.04325056268769099,0.029868690057573474
1129343531.jpg,3,0.010454997590010477,0.020334855172030594,0.026170555858918986,0.9161011601733631,0.026938431205676808
1129878051.jpg,1,0.019500224288635102,0.7959234403943116,0.03709097971121484,0.10319897983134273,0.044286375774495894
1130568730.jpg,3,0.057280209967781,0.04869276573254612,0.0668318465535651,0.670327292782524,0.15686788496358392
1131545521.jpg,3,0.010454997590010477,0.020334855172030594,0.026170555858918986,0.9161011601733631,0.026938431205676808
1131795306.jpg,4,0.04501420399971324,0.0443693349424556,0.04141813370396752,0.11068272057909806,0.7585156067747656
1131824490.jpg,3,0.008605145004773983,0.017105726469271384,0.022472697209373442,0.9291787473294081,0.022637683987173005
1131959133.jpg,3,0.0066384790751193076,0.012425071895430396,0.01856777792774925,0.9447196992578483,0.017648971843852796
1132695066.jpg,3,0.008605145004773983,0.017105726469271384,0.022472697209373442,0.9291787473294081,0.022637683987173005
1133271450.jpg,3,0.010356363531214994,0.022080715639603506,0.025923658801021484,0.9074585206206305,0.03418074140752953
1133337432.jpg,2,0.023794761249818212,0.04479089174312469,0.360554248665401,0.507149444231069,0.0637106541105871
1133979561.jpg,3,0.008605145004773983,0.017105726469271384,0.022472697209373442,0.9291787473294081,0.022637683987173005
1134204099.jpg,4,0.04033886839300339,0.04760931255776678,0.036135253829059404,0.08054729334210589,0.7953692718780646
1134341646.jpg,3,0.008605145004773983,0.017105726469271384,0.022472697209373442,0.9291787473294081,0.022637683987173005
1135103288.jpg,1,0.020189500856888806,0.7783714925443099,0.03953933826607416,0.11870829163198311,0.04319137670074403
1135727315.jpg,3,0.004276155961648521,0.008516175031565872,0.015377480312475577,0.9577582515082192,0.014071937186090774
1136801202.jpg,3,0.02818494102622929,0.042151674928772156,0.05633656996155482,0.39493474555563873,0.47839206852780497
1137421218.jpg,1,0.020189500856888806,0.7783714925443099,0.03953933826607416,0.11870829163198311,0.04319137670074403
113803368.jpg,3,0.0066384790751193076,0.012425071895430396,0.01856777792774925,0.9447196992578483,0.017648971843852796
1138058391.jpg,4,0.4967387782658492,0.10862138047696655,0.052016631117012095,0.11837168139162985,0.22425152874854232
1138461516.jpg,3,0.008327573747597196,0.015855998348986267,0.021829847507694355,0.9321069510120359,0.02187962938368626
1138949936.jpg,3,0.02075332314461251,0.04125446681528229,0.12008624286001524,0.7633098888140915,0.05459607836599856
1139742461.jpg,3,0.008605145004773983,0.017105726469271384,0.022472697209373442,0.9291787473294081,0.022637683987173005
114081332.jpg,3,0.008605145004773983,0.017105726469271384,0.022472697209373442,0.9291787473294081,0.022637683987173005
1141170826.jpg,3,0.008605145004773983,0.017105726469271384,0.022472697209373442,0.9291787473294081,0.022637683987173005
1141475259.jpg,3,0.004276155961648521,0.008516175031565872,0.015377480312475577,0.9577582515082192,0.014071937186090774
1142064548.jpg,3,0.0066384790751193076,0.012425071895430396,0.01856777792774925,0.9447196992578483,0.017648971843852796
1142627620.jpg,3,0.010454997590010477,0.020334855172030594,0.026170555858918986,0.9161011601733631,0.026938431205676808
1142830488.jpg,3,0.0066384790751193076,0.012425071895430396,0.01856777792774925,0.9447196992578483,0.017648971843852796
1144686555.jpg,1,0.04170573013157693,0.0877495313967027,0.04497911572832909,0.12205235825900765,0.7035132644843836
1144914727.jpg,3,0.0066384790751193076,0.012425071895430396,0.01856777792774925,0.9447196992578483,0.017648971843852796
1146074650.jpg,3,0.008327573747597196,0.015855998348986267,0.021829847507694355,0.9321069510120359,0.02187962938368626
1146555837.jpg,3,0.010454997590010477,0.020334855172030594,0.026170555858918986,0.9161011601733631,0.026938431205676808
1147036458.jpg,3,0.008327573747597196,0.015855998348986267,0.021829847507694355,0.9321069510120359,0.02187962938368626
1148629594.jpg,4,0.04033886839300339,0.04760931255776678,0.036135253829059404,0.08054729334210589,0.7953692718780646
1149131142.jpg,3,0.004276155961648521,0.008516175031565872,0.015377480312475577,0.9577582515082192,0.014071937186090774
1149874040.jpg,3,0.008605145004773983,0.017105726469271384,0.022472697209373442,0.9291787473294081,0.022637683987173005
1152100841.jpg,3,0.010454997590010477,0.020334855172030594,0.026170555858918986,0.9161011601733631,0.026938431205676808
1153394975.jpg,2,0.01397786602406903,0.02679067181314912,0.8212749575095648,0.0988612365708991,0.03909526808231808
1154259077.jpg,2,0.011065834646385357,0.020907193282800936,0.8591891987464539,0.07797008227412228,0.03086769105023747
115438345.jpg,2,0.014266433287230049,0.02835951112596911,0.8128696043874273,0.1049559641165953,0.03954848708277825
1155507570.jpg,4,0.045090558072510174,0.051922203756152724,0.04039178157825331,0.09003530720399881,0.7725601493890849
1156464284.jpg,1,0.020189500856888806,0.7783714925443099,0.03953933826607416,0.11870829163198311,0.04319137670074403
11574961.jpg,1,0.35983164832656717,0.33847594623190425,0.05595451063432636,0.15236365066375623,0.09337424414344607
1157584839.jpg,3,0.010454997590010477,0.020334855172030594,0.026170555858918986,0.9161011601733631,0.026938431205676808
1159573446.jpg,3,0.010454997590010477,0.020334855172030594,0.026170555858918986,0.9161011601733631,0.026938431205676808
1160386245.jpg,3,0.008605145004773983,0.017105726469271384,0.022472697209373442,0.9291787473294081,0.022637683987173005
1161422335.jpg,3,0.0066384790751193076,0.012425071895430396,0.01856777792774925,0.9447196992578483,0.017648971843852796
1161696474.jpg,3,0.010454997590010477,0.020334855172030594,0.026170555858918986,0.9161011601733631,0.026938431205676808
1161877959.jpg,3,0.01234411216864156,0.024009162222712193,0.033500685781713224,0.8979248088569086,0.0322212309700242
1162161027.jpg,3,0.008327573747597196,0.015855998348986267,0.021829847507694355,0.9321069510120359,0.02187962938368626
1162702675.jpg,3,0.008327573747597196,0.015855998348986267,0.021829847507694355,0.9321069510120359,0.02187962938368626
1163230614.jpg,3,0.008327573747597196,0.015855998348986267,0.021829847507694355,0.9321069510120359,0.02187962938368626
1164006257.jpg,3,0.008327573747597196,0.015855998348986267,0.021829847507694355,0.9321069510120359,0.02187962938368626
1164692375.jpg,2,0.011065834646385357,0.020907193282800936,0.8591891987464539,0.07797008227412228,0.03086769105023747
1165503053.jpg,3,0.004276155961648521,0.008516175031565872,0.015377480312475577,0.9577582515082192,0.014071937186090774
1165857265.jpg,1,0.08589868605348014,0.7069453162936875,0.036606515914748235,0.07862274081214905,0.09192674092593513
116602588.jpg,3,0.004276155961648521,0.008516175031565872,0.015377480312475577,0.9577582515082192,0.014071937186090774
1169643720.jpg,3,0.008327573747597196,0.015855998348986267,0.021829847507694355,0.9321069510120359,0.02187962938368626
1171170982.jpg,3,0.01781439875910503,0.034648809397079865,0.12160045271947623,0.7800356154454379,0.04590072367890087
1171302816.jpg,2,0.015177381294762255,0.030170337955258884,0.8009208532455024,0.11165766905333052,0.04207375845114596
1173705124.jpg,3,0.008605145004773983,0.017105726469271384,0.022472697209373442,0.9291787473294081,0.022637683987173005
1174112023.jpg,3,0.0066384790751193076,0.012425071895430396,0.01856777792774925,0.9447196992578483,0.017648971843852796
1176023935.jpg,3,0.010454997590010477,0.020334855172030594,0.026170555858918986,0.9161011601733631,0.026938431205676808
1176036516.jpg,3,0.008605145004773983,0.017105726469271384,0.022472697209373442,0.9291787473294081,0.022637683987173005
1176574092.jpg,3,0.008327573747597196,0.015855998348986267,0.021829847507694355,0.9321069510120359,0.02187962938368626
1177109141.jpg,3,0.010454997590010477,0.020334855172030594,0.026170555858918986,0.9161011601733631,0.026938431205676808
1177346702.jpg,1,0.022461771629917797,0.7224812420121448,0.06968971663712688,0.12901762780555512,0.05634964191525539
117782161.jpg,3,0.004276155961648521,0.008516175031565872,0.015377480312475577,0.9577582515082192,0.014071937186090774
117837871.jpg,3,0.010454997590010477,0.020334855172030594,0.026170555858918986,0.9161011601733631,0.026938431205676808
1178737001.jpg,4,0.04655278237167134,0.0483758490070035,0.04115223897712926,0.10428742864661257,0.7596317009975833
1179062519.jpg,4,0.16820663355579327,0.06058378850956367,0.046885439278931136,0.12196217107244034,0.6023619675832715
1179385123.jpg,2,0.011065834646385357,0.020907193282800936,0.8591891987464539,0.07797008227412228,0.03086769105023747
1180914426.jpg,3,0.0066384790751193076,0.012425071895430396,0.01856777792774925,0.9447196992578483,0.017648971843852796
1182451935.jpg,3,0.01441434946481375,0.02643129553588632,0.03299679393751269,0.893227285397291,0.03293027566449607
1184269820.jpg,3,0.008327573747597196,0.015855998348986267,0.021829847507694355,0.9321069510120359,0.02187962938368626
1184986094.jpg,2,0.008605145004773983,0.017105726469271384,0.022472697209373442,0.9291787473294081,0.022637683987173005
1187772608.jpg,3,0.010454997590010477,0.020334855172030594,0.026170555858918986,0.9161011601733631,0.026938431205676808
1191974622.jpg,1,0.020042665586853345,0.8153863966097179,0.033606965018887165,0.09151147637533878,0.03945249640920274
1193204860.jpg,3,0.004276155961648521,0.008516175031565872,0.015377480312475577,0.9577582515082192,0.014071937186090774
1196761091.jpg,3,0.004276155961648521,0.008516175031565872,0.015377480312475577,0.9577582515082192,0.014071937186090774
1197128490.jpg,1,0.02078750745085473,0.7967682336677756,0.036508283688653734,0.10154039482059762,0.0443955803721182
1197216804.jpg,2,0.004276155961648521,0.008516175031565872,0.015377480312475577,0.9577582515082192,0.014071937186090774
119785295.jpg,1,0.01706463938778737,0.8554668246228773,0.02681818678135497,0.06667064865051184,0.03397970055746871
119857388.jpg,3,0.004276155961648521,0.008516175031565872,0.015377480312475577,0.9577582515082192,0.014071937186090774
1200108798.jpg,1,0.017783381014494896,0.8886161706051262,0.02048119563511413,0.04325056268769099,0.029868690057573474
1200666322.jpg,0,0.6093501302982527,0.08253551281745865,0.048024237427250274,0.1441823619696016,0.1159077574874367
1201158169.jpg,3,0.008327573747597196,0.015855998348986267,0.021829847507694355,0.9321069510120359,0.02187962938368626
120153747.jpg,3,0.008605145004773983,0.017105726469271384,0.022472697209373442,0.9291787473294081,0.022637683987173005
1201703302.jpg,1,0.020189500856888806,0.7783714925443099,0.03953933826607416,0.11870829163198311,0.04319137670074403
1202113453.jpg,2,0.011065834646385357,0.020907193282800936,0.8591891987464539,0.07797008227412228,0.03086769105023747
1202139476.jpg,3,0.008327573747597196,0.015855998348986267,0.021829847507694355,0.9321069510120359,0.02187962938368626
1203285369.jpg,3,0.008327573747597196,0.015855998348986267,0.021829847507694355,0.9321069510120359,0.02187962938368626
1205963821.jpg,3,0.0066384790751193076,0.012425071895430396,0.01856777792774925,0.9447196992578483,0.017648971843852796
1206126822.jpg,3,0.004276155961648521,0.008516175031565872,0.015377480312475577,0.9577582515082192,0.014071937186090774
1207096725.jpg,3,0.004276155961648521,0.008516175031565872,0.015377480312475577,0.9577582515082192,0.014071937186090774
1207444703.jpg,3,0.0066384790751193076,0.012425071895430396,0.01856777792774925,0.9447196992578483,0.017648971843852796
1208145531.jpg,3,0.0066384790751193076,0.012425071895430396,0.01856777792774925,0.9447196992578483,0.017648971843852796
1208216776.jpg,3,0.0066384790751193076,0.012425071895430396,0.01856777792774925,0.9447196992578483,0.017648971843852796
1209108991.jpg,1,0.020042665586853345,0.8153863966097179,0.033606965018887165,0.09151147637533878,0.03945249640920274
1209827516.jpg,2,0.024353419258896995,0.04701651092829517,0.5033755221033839,0.1534917034671186,0.2717628442423054
1209868824.jpg,1,0.038580656419147784,0.3430626235645868,0.05746927049656487,0.21968442894416712,0.3412030205755333
1210657191.jpg,1,0.02078750745085473,0.7967682336677756,0.036508283688653734,0.10154039482059762,0.0443955803721182
1211049179.jpg,3,0.008327573747597196,0.015855998348986267,0.021829847507694355,0.9321069510120359,0.02187962938368626
1211972466.jpg,3,0.0066384790751193076,0.012425071895430396,0.01856777792774925,0.9447196992578483,0.017648971843852796
1212554580.jpg,1,0.039401279452,0.17054951438714208,0.05345353060711794,0.12330478712604713,0.6132908884276929
1213015502.jpg,3,0.004276155961648521,0.008516175031565872,0.015377480312475577,0.9577582515082192,0.014071937186090774
1213348737.jpg,2,0.014266433287230049,0.02835951112596911,0.8128696043874273,0.1049559641165953,0.03954848708277825
1213859298.jpg,3,0.004276155961648521,0.008516175031565872,0.015377480312475577,0.9577582515082192,0.014071937186090774
1214627201.jpg,3,0.008327573747597196,0.015855998348986267,0.021829847507694355,0.9321069510120359,0.02187962938368626
1215008377.jpg,3,0.008327573747597196,0.015855998348986267,0.021829847507694355,0.9321069510120359,0.02187962938368626
1215749742.jpg,3,0.008605145004773983,0.017105726469271384,0.022472697209373442,0.9291787473294081,0.022637683987173005
1216982810.jpg,4,0.04284169926023687,0.04248986187708232,0.03385449404837897,0.055158441825879985,0.8256555029884217
1217828400.jpg,3,0.008327573747597196,0.015855998348986267,0.021829847507694355,0.9321069510120359,0.02187962938368626
122052441.jpg,3,0.008605145004773983,0.017105726469271384,0.022472697209373442,0.9291787473294081,0.022637683987173005
1221608594.jpg,3,0.0066384790751193076,0.012425071895430396,0.01856777792774925,0.9447196992578483,0.017648971843852796
1221664353.jpg,3,0.008327573747597196,0.015855998348986267,0.021829847507694355,0.9321069510120359,0.02187962938368626
122168686.jpg,3,0.004276155961648521,0.008516175031565872,0.015377480312475577,0.9577582515082192,0.014071937186090774
122288577.jpg,3,0.0066384790751193076,0.012425071895430396,0.01856777792774925,0.9447196992578483,0.017648971843852796
1223189227.jpg,3,0.008605145004773983,0.017105726469271384,0.022472697209373442,0.9291787473294081,0.022637683987173005
1223678256.jpg,4,0.042432575133058426,0.04309478962754329,0.03433648015101505,0.0712475471770366,0.8088886079113465
122601029.jpg,2,0.014266433287230049,0.02835951112596911,0.8128696043874273,0.1049559641165953,0.03954848708277825
1228668761.jpg,2,0.011065834646385357,0.020907193282800936,0.8591891987464539,0.07797008227412228,0.03086769105023747
1233339948.jpg,2,0.011065834646385357,0.020907193282800936,0.8591891987464539,0.07797008227412228,0.03086769105023747
1234375577.jpg,1,0.01706463938778737,0.8554668246228773,0.02681818678135497,0.06667064865051184,0.03397970055746871
1234571117.jpg,3,0.0066384790751193076,0.012425071895430396,0.01856777792774925,0.9447196992578483,0.017648971843852796
1236127980.jpg,2,0.015177381294762255,0.030170337955258884,0.8009208532455024,0.11165766905333052,0.04207375845114596
12377617.jpg,3,0.008605145004773983,0.017105726469271384,0.022472697209373442,0.9291787473294081,0.022637683987173005
1238413001.jpg,2,0.011065834646385357,0.020907193282800936,0.8591891987464539,0.07797008227412228,0.03086769105023747
123865158.jpg,3,0.010454997590010477,0.020334855172030594,0.026170555858918986,0.9161011601733631,0.026938431205676808
1239252841.jpg,3,0.008605145004773983,0.017105726469271384,0.022472697209373442,0.9291787473294081,0.022637683987173005
1239287766.jpg,3,0.008605145004773983,0.017105726469271384,0.022472697209373442,0.9291787473294081,0.022637683987173005
1241356893.jpg,3,0.010454997590010477,0.020334855172030594,0.026170555858918986,0.9161011601733631,0.026938431205676808
1242176689.jpg,3,0.010454997590010477,0.020334855172030594,0.026170555858918986,0.9161011601733631,0.026938431205676808
1242261081.jpg,1,0.01706463938778737,0.8554668246228773,0.02681818678135497,0.06667064865051184,0.03397970055746871
1242670856.jpg,3,0.055905674845417336,0.06055485887779941,0.04851493747318556,0.7879705462073064,0.047053982596291115
1245296192.jpg,3,0.008605145004773983,0.017105726469271384,0.022472697209373442,0.9291787473294081,0.022637683987173005
1245945074.jpg,3,0.0066384790751193076,0.012425071895430396,0.01856777792774925,0.9447196992578483,0.017648971843852796
1248159312.jpg,2,0.014266433287230049,0.02835951112596911,0.8128696043874273,0.1049559641165953,0.03954848708277825
1250233158.jpg,3,0.010454997590010477,0.020334855172030594,0.026170555858918986,0.9161011601733631,0.026938431205676808
1250343314.jpg,3,0.008327573747597196,0.015855998348986267,0.021829847507694355,0.9321069510120359,0.02187962938368626
1250364598.jpg,2,0.020812241165559763,0.040479579862495875,0.7206882423275991,0.16439494801593327,0.053624988628412036
125037460.jpg,3,0.008605145004773983,0.017105726469271384,0.022472697209373442,0.9291787473294081,0.022637683987173005
1251549762.jpg,3,0.004276155961648521,0.008516175031565872,0.015377480312475577,0.9577582515082192,0.014071937186090774
125207834.jpg,0,0.4065397370076619,0.45024753708698234,0.03045633304352611,0.058543229359318806,0.05421316350251083
1252242867.jpg,3,0.008605145004773983,0.017105726469271384,0.022472697209373442,0.9291787473294081,0.022637683987173005
1252288895.jpg,2,0.011065834646385357,0.020907193282800936,0.8591891987464539,0.07797008227412228,0.03086769105023747
1252538311.jpg,3,0.010463344511327207,0.022347960775485922,0.025913632259143293,0.9071075411956364,0.03416752125840703
1252720161.jpg,3,0.010359097213642853,0.02082965614916715,0.030492277896791726,0.9111876572900043,0.027131311450394
1253370926.jpg,1,0.02078750745085473,0.7967682336677756,0.036508283688653734,0.10154039482059762,0.0443955803721182
1253922268.jpg,3,0.008605145004773983,0.017105726469271384,0.022472697209373442,0.9291787473294081,0.022637683987173005
1254069190.jpg,1,0.020042665586853345,0.8153863966097179,0.033606965018887165,0.09151147637533878,0.03945249640920274
125541683.jpg,1,0.01706463938778737,0.8554668246228773,0.02681818678135497,0.06667064865051184,0.03397970055746871
1256156533.jpg,3,0.008327573747597196,0.015855998348986267,0.021829847507694355,0.9321069510120359,0.02187962938368626
1258399753.jpg,3,0.008605145004773983,0.017105726469271384,0.022472697209373442,0.9291787473294081,0.022637683987173005
12588847.jpg,3,0.010454997590010477,0.020334855172030594,0.026170555858918986,0.9161011601733631,0.026938431205676808
1260599331.jpg,2,0.02636514289043946,0.04542037596568038,0.4124248320011176,0.14049860825380991,0.37529104088895265
1261540961.jpg,0,0.012240999949585867,0.02236139748091708,0.028201470736581045,0.9087565425615667,0.02843958927134922
1261642510.jpg,1,0.02078750745085473,0.7967682336677756,0.036508283688653734,0.10154039482059762,0.0443955803721182
126224804.jpg,3,0.0066384790751193076,0.012425071895430396,0.01856777792774925,0.9447196992578483,0.017648971843852796
1263787016.jpg,3,0.004276155961648521,0.008516175031565872,0.015377480312475577,0.9577582515082192,0.014071937186090774
126401177.jpg,3,0.004276155961648521,0.008516175031565872,0.015377480312475577,0.9577582515082192,0.014071937186090774
1264109301.jpg,1,0.017783381014494896,0.8886161706051262,0.02048119563511413,0.04325056268769099,0.029868690057573474
1264889950.jpg,3,0.010454997590010477,0.020334855172030594,0.026170555858918986,0.9161011601733631,0.026938431205676808
126550251.jpg,3,0.004276155961648521,0.008516175031565872,0.015377480312475577,0.9577582515082192,0.014071937186090774
1267453592.jpg,3,0.035060154523611484,0.0810880313892597,0.05626555270598883,0.10257017277396595,0.7250160886071741
1267671444.jpg,4,0.32890651166266344,0.10406044255669766,0.061073802832283086,0.13989556304574077,0.366063679902615
1268809916.jpg,3,0.008327573747597196,0.015855998348986267,0.021829847507694355,0.9321069510120359,0.02187962938368626
1268934820.jpg,4,0.04417133026684151,0.051243184917856476,0.252514241638986,0.15487973099439253,0.4971915121819234
1269866934.jpg,4,0.13221788414279828,0.05026141286567557,0.04188119598634533,0.1114887825127649,0.664150724492416
1269902527.jpg,1,0.02078750745085473,0.7967682336677756,0.036508283688653734,0.10154039482059762,0.0443955803721182
1271525915.jpg,3,0.008327573747597196,0.015855998348986267,0.021829847507694355,0.9321069510120359,0.02187962938368626
1273209922.jpg,3,0.0066384790751193076,0.012425071895430396,0.01856777792774925,0.9447196992578483,0.017648971843852796
1273363177.jpg,3,0.008605145004773983,0.017105726469271384,0.022472697209373442,0.9291787473294081,0.022637683987173005
1273641598.jpg,3,0.008327573747597196,0.015855998348986267,0.021829847507694355,0.9321069510120359,0.02187962938368626
1274100886.jpg,3,0.004276155961648521,0.008516175031565872,0.015377480312475577,0.9577582515082192,0.014071937186090774
127464350.jpg,0,0.7001468884195351,0.06999441067505573,0.035453217011532215,0.08813753868511127,0.10626794520876555
1275321010.jpg,3,0.008605145004773983,0.017105726469271384,0.022472697209373442,0.9291787473294081,0.022637683987173005
1275608644.jpg,2,0.0066384790751193076,0.012425071895430396,0.01856777792774925,0.9447196992578483,0.017648971843852796
1276467932.jpg,3,0.0066384790751193076,0.012425071895430396,0.01856777792774925,0.9447196992578483,0.017648971843852796
1276900213.jpg,4,0.04658449682723355,0.0522565391383947,0.04745257566202993,0.13149864591649624,0.7222077424558456
1277049682.jpg,3,0.008605145004773983,0.017105726469271384,0.022472697209373442,0.9291787473294081,0.022637683987173005
1277648239.jpg,3,0.0066384790751193076,0.012425071895430396,0.01856777792774925,0.9447196992578483,0.017648971843852796
1277807656.jpg,3,0.0066384790751193076,0.012425071895430396,0.01856777792774925,0.9447196992578483,0.017648971843852796
1278626353.jpg,3,0.008605145004773983,0.017105726469271384,0.022472697209373442,0.9291787473294081,0.022637683987173005
1279007002.jpg,3,0.008327573747597196,0.015855998348986267,0.021829847507694355,0.9321069510120359,0.02187962938368626
1279364304.jpg,3,0.0066384790751193076,0.012425071895430396,0.01856777792774925,0.9447196992578483,0.017648971843852796
1283188.jpg,1,0.02078750745085473,0.7967682336677756,0.036508283688653734,0.10154039482059762,0.0443955803721182
1285436512.jpg,3,0.010454997590010477,0.020334855172030594,0.026170555858918986,0.9161011601733631,0.026938431205676808
1285588852.jpg,1,0.01706463938778737,0.8554668246228773,0.02681818678135497,0.06667064865051184,0.03397970055746871
1285837923.jpg,3,0.008327573747597196,0.015855998348986267,0.021829847507694355,0.9321069510120359,0.02187962938368626
1286409959.jpg,1,0.017783381014494896,0.8886161706051262,0.02048119563511413,0.04325056268769099,0.029868690057573474
1288893945.jpg,2,0.010454997590010477,0.020334855172030594,0.026170555858918986,0.9161011601733631,0.026938431205676808
1288923505.jpg,3,0.0066384790751193076,0.012425071895430396,0.01856777792774925,0.9447196992578483,0.017648971843852796
1289519057.jpg,2,0.015177381294762255,0.030170337955258884,0.8009208532455024,0.11165766905333052,0.04207375845114596
1290024042.jpg,2,0.011065834646385357,0.020907193282800936,0.8591891987464539,0.07797008227412228,0.03086769105023747
1291065002.jpg,3,0.008327573747597196,0.015855998348986267,0.021829847507694355,0.9321069510120359,0.02187962938368626
1291389398.jpg,3,0.004276155961648521,0.008516175031565872,0.015377480312475577,0.9577582515082192,0.014071937186090774
1292573857.jpg,3,0.008327573747597196,0.015855998348986267,0.021829847507694355,0.9321069510120359,0.02187962938368626
1294805879.jpg,1,0.01706463938778737,0.8554668246228773,0.02681818678135497,0.06667064865051184,0.03397970055746871
